21
a = 44.000000
s = 40.000000
m = 84.000000
